              precision    recall  f1-score   support

           0     1.0000    0.9947    0.9973      6597
           1     1.0000    1.0000    1.0000      8735
           2     0.9738    0.9789    0.9763      2699
           3     0.9797    0.9974    0.9885      3101
           4     0.9994    0.9899    0.9946      9798
           5     0.9916    0.9990    0.9953     12705
           6     0.9863    0.9541    0.9700      2267
           7     0.9657    0.9770    0.9713      2133
           8     1.0000    0.9963    0.9981      3231
           9     1.0000    1.0000    1.0000      6263
          10     1.0000    1.0000    1.0000      5133
          11     0.9959    0.9977    0.9968      5115
          12     1.0000    1.0000    1.0000      2353
          13     1.0000    1.0000    1.0000      2636
          14     1.0000    0.9947    0.9973      2252
          15     0.9938    0.9969    0.9954      1940
          16     0.9918    1.0000    0.9959      2183
          17     0.9874    0.9939    0.9907      1974
          18     1.0000    1.0000    1.0000      3881
          19     1.0000    1.0000    1.0000      4223
          20     1.0000    1.0000    1.0000      4843
          21     1.0000    1.0000    1.0000     10042
          22     1.0000    0.9960    0.9980      6778
          23     0.9991    0.9980    0.9985      7912
          24     0.9984    0.9993    0.9989     10220
          25     1.0000    1.0000    1.0000      7705
          26     1.0000    1.0000    1.0000      8936
          27     0.9933    0.9989    0.9961     10790
          28     1.0000    0.9943    0.9972      8661
          29     0.9995    1.0000    0.9997     11336
          30     1.0000    1.0000    1.0000     12770
          31     1.0000    1.0000    1.0000      5732

    accuracy                         0.9973    194944
   macro avg     0.9955    0.9955    0.9955    194944
weighted avg     0.9973    0.9973    0.9973    194944
