              precision    recall  f1-score   support

           0     1.0000    0.9943    0.9972     19785
           1     1.0000    1.0000    1.0000     26170
           2     0.9991    0.9974    0.9983      8075
           3     0.9977    0.9965    0.9971      9275
           4     0.9938    0.9860    0.9899     29360
           5     0.9888    0.9976    0.9932     38109
           6     0.9781    0.9885    0.9833      6771
           7     0.9876    0.9790    0.9833      6371
           8     1.0000    0.9969    0.9984      9658
           9     1.0000    1.0000    1.0000     18755
          10     0.9964    1.0000    0.9982     15385
          11     0.9937    0.9984    0.9961     15345
          12     0.9990    0.9756    0.9871      7037
          13     1.0000    1.0000    1.0000      7896
          14     0.9803    0.9956    0.9879      6742
          15     0.9854    0.9957    0.9905      5778
          16     0.9934    1.0000    0.9967      6521
          17     0.9986    0.9939    0.9963      5908
          18     1.0000    1.0000    1.0000     11637
          19     1.0000    0.9989    0.9994     12636
          20     1.0000    0.9990    0.9995     14529
          21     0.9993    1.0000    0.9997     30092
          22     1.0000    0.9955    0.9978     20320
          23     0.9994    0.9990    0.9992     23709
          24     0.9992    0.9995    0.9994     30631
          25     1.0000    1.0000    1.0000     23094
          26     0.9993    1.0000    0.9996     26777
          27     0.9952    0.9978    0.9965     32328
          28     0.9989    0.9954    0.9972     25949
          29     1.0000    1.0000    1.0000     33978
          30     1.0000    0.9997    0.9998     38275
          31     1.0000    0.9995    0.9998     17168

    accuracy                         0.9973    584064
   macro avg     0.9964    0.9962    0.9963    584064
weighted avg     0.9973    0.9973    0.9973    584064
