              precision    recall  f1-score   support

           0     0.9663    0.9909    0.9785     20241
           1     0.9974    0.9956    0.9965     26674
           2     0.9411    0.9035    0.9219      8579
           3     0.9212    0.9594    0.9399      9779
           4     0.9850    0.9564    0.9705     29864
           5     0.9545    0.9946    0.9742     38613
           6     0.9153    0.8873    0.9011      7275
           7     0.9060    0.9369    0.9212      6875
           8     0.9959    0.9858    0.9909     10162
           9     0.9996    0.9982    0.9989     19259
          10     0.9954    0.9887    0.9920     15889
          11     0.9922    0.9893    0.9907     15849
          12     0.9499    0.9539    0.9519      7541
          13     0.9972    1.0000    0.9986      8400
          14     0.9493    0.9293    0.9392      7238
          15     0.9170    0.9140    0.9155      6282
          16     0.9671    0.9747    0.9709      7025
          17     0.9757    0.9769    0.9763      6412
          18     0.9980    0.9974    0.9977     12141
          19     0.9994    0.9822    0.9907     13188
          20     0.9855    0.9780    0.9817     15033
          21     0.9917    0.9750    0.9833     30596
          22     0.9973    0.9982    0.9978     20824
          23     0.9964    0.9987    0.9975     24213
          24     0.9990    0.9964    0.9977     31135
          25     0.9930    0.9988    0.9959     23598
          26     0.9969    0.9991    0.9980     27305
          27     0.9905    0.9781    0.9843     32832
          28     0.9865    0.9886    0.9875     26453
          29     1.0000    0.9985    0.9992     34482
          30     0.9889    0.9925    0.9907     38779
          31     0.9982    0.9973    0.9977     17528

    accuracy                         0.9841    600064
   macro avg     0.9765    0.9754    0.9759    600064
weighted avg     0.9842    0.9841    0.9841    600064
