              precision    recall  f1-score   support

           0     0.9890    0.9881    0.9886      6749
           1     0.9950    0.9958    0.9954      8903
           2     0.9265    0.9456    0.9360      2867
           3     0.9654    0.9205    0.9424      3269
           4     0.9766    0.9623    0.9694      9966
           5     0.9477    0.9935    0.9700     12873
           6     0.9300    0.9228    0.9264      2435
           7     0.9457    0.9461    0.9459      2301
           8     0.9938    0.9868    0.9903      3399
           9     0.9980    0.9978    0.9979      6431
          10     0.9883    0.9913    0.9898      5301
          11     0.9887    0.9920    0.9904      5283
          12     0.9223    0.9179    0.9201      2521
          13     0.9954    1.0000    0.9977      2804
          14     0.8811    0.9252    0.9026      2460
          15     0.9138    0.8250    0.8671      2108
          16     0.9624    0.9685    0.9654      2351
          17     0.9638    0.9683    0.9660      2142
          18     0.9980    0.9948    0.9964      4049
          19     0.9931    0.9857    0.9894      4407
          20     0.9801    0.9834    0.9818      5011
          21     0.9942    0.9645    0.9792     10210
          22     1.0000    0.9991    0.9996      6946
          23     0.9930    0.9954    0.9942      8080
          24     0.9964    0.9936    0.9950     10388
          25     0.9991    0.9983    0.9987      7873
          26     0.9949    0.9984    0.9966      9112
          27     0.9885    0.9724    0.9804     10958
          28     0.9816    0.9858    0.9837      8829
          29     1.0000    0.9988    0.9994     11504
          30     0.9807    0.9920    0.9863     12938
          31     0.9959    0.9973    0.9966      5852

    accuracy                         0.9821    200320
   macro avg     0.9743    0.9721    0.9731    200320
weighted avg     0.9822    0.9821    0.9821    200320
