              precision    recall  f1-score   support

           0     0.7195    0.6853    0.7019      6939
           1     0.6655    0.7903    0.7225      9113
           2     0.3977    0.4761    0.4334      3077
           3     0.4901    0.3619    0.4163      3479
           4     0.7497    0.7437    0.7467     10176
           5     0.6770    0.8835    0.7666     13083
           6     0.5483    0.1803    0.2714      2645
           7     0.5416    0.4377    0.4841      2511
           8     0.6797    0.3799    0.4874      3609
           9     0.8508    0.7077    0.7727      6641
          10     0.8464    0.6048    0.7055      5511
          11     0.7948    0.7271    0.7595      5493
          12     0.4580    0.2717    0.3411      2731
          13     0.6486    0.3852    0.4833      3014
          14     0.5985    0.3419    0.4352      2656
          15     0.5551    0.3041    0.3930      2318
          16     0.6513    0.4034    0.4982      2561
          17     0.7767    0.5502    0.6441      2352
          18     0.7196    0.5224    0.6054      4259
          19     0.7155    0.6420    0.6767      4637
          20     0.5223    0.3974    0.4514      5221
          21     0.7367    0.5904    0.6555     10420
          22     0.8609    0.7412    0.7966      7156
          23     0.8249    0.6713    0.7402      8290
          24     0.8343    0.7739    0.8030     10598
          25     0.7549    0.7992    0.7764      8083
          26     0.7028    0.8153    0.7549      9332
          27     0.7564    0.7002    0.7272     11168
          28     0.8074    0.7308    0.7672      9039
          29     0.8326    0.8200    0.8263     11714
          30     0.5419    0.7728    0.6371     13148
          31     0.3236    0.9039    0.4766      6002

    accuracy                         0.6803    206976
   macro avg     0.6745    0.5974    0.6174    206976
weighted avg     0.7046    0.6803    0.6790    206976
