              precision    recall  f1-score   support

           0     0.6803    0.6901    0.6852     20811
           1     0.6420    0.7664    0.6987     27304
           2     0.4554    0.4419    0.4485      9209
           3     0.4605    0.3177    0.3760     10409
           4     0.7316    0.7523    0.7418     30494
           5     0.7347    0.8522    0.7891     39243
           6     0.4414    0.2048    0.2798      7905
           7     0.5462    0.4159    0.4722      7505
           8     0.7357    0.3583    0.4819     10792
           9     0.8050    0.7244    0.7626     19889
          10     0.7885    0.6144    0.6907     16519
          11     0.8292    0.7273    0.7749     16479
          12     0.4569    0.2719    0.3410      8171
          13     0.6307    0.3586    0.4572      9030
          14     0.5064    0.3804    0.4345      7954
          15     0.5155    0.3040    0.3824      6912
          16     0.5818    0.3616    0.4460      7655
          17     0.7515    0.5474    0.6334      7042
          18     0.6781    0.5186    0.5877     12771
          19     0.7437    0.6695    0.7047     13878
          20     0.5649    0.3771    0.4523     15663
          21     0.7379    0.5599    0.6367     31226
          22     0.8451    0.7522    0.7960     21454
          23     0.7992    0.6886    0.7398     24843
          24     0.8498    0.7528    0.7984     31765
          25     0.6905    0.8067    0.7441     24228
          26     0.7745    0.7947    0.7845     27965
          27     0.7500    0.7089    0.7289     33462
          28     0.8502    0.7438    0.7934     27083
          29     0.8539    0.8235    0.8384     35112
          30     0.4914    0.7550    0.5953     39409
          31     0.3175    0.9161    0.4716     17978

    accuracy                         0.6751    620160
   macro avg     0.6637    0.5924    0.6115    620160
weighted avg     0.7002    0.6751    0.6747    620160
