              precision    recall  f1-score   support

           0     0.7654    0.8613    0.8105     20697
           1     0.8008    0.8945    0.8451     27178
           2     0.6129    0.6180    0.6154      9083
           3     0.6488    0.5893    0.6176     10283
           4     0.8106    0.8758    0.8419     30368
           5     0.8405    0.8858    0.8626     39117
           6     0.7123    0.4488    0.5506      7779
           7     0.6667    0.6506    0.6586      7379
           8     0.7948    0.6985    0.7436     10666
           9     0.9232    0.8321    0.8753     19763
          10     0.8493    0.7781    0.8121     16393
          11     0.9105    0.8614    0.8853     16353
          12     0.7595    0.5443    0.6341      8045
          13     0.8898    0.7270    0.8002      8904
          14     0.7407    0.5235    0.6135      7862
          15     0.5917    0.6516    0.6202      6786
          16     0.7539    0.7850    0.7691      7529
          17     0.8777    0.8383    0.8576      6916
          18     0.8616    0.7966    0.8278     12645
          19     0.8982    0.8231    0.8590     13740
          20     0.7262    0.7123    0.7192     15537
          21     0.8860    0.7193    0.7940     31100
          22     0.9387    0.8843    0.9107     21328
          23     0.9059    0.8738    0.8896     24717
          24     0.9376    0.8819    0.9089     31639
          25     0.9227    0.8985    0.9104     24102
          26     0.8942    0.8904    0.8923     27833
          27     0.8659    0.8620    0.8639     33336
          28     0.8915    0.8727    0.8820     26957
          29     0.9467    0.9199    0.9331     34986
          30     0.7098    0.8578    0.7768     39283
          31     0.5749    0.9330    0.7115     17888

    accuracy                         0.8271    616192
   macro avg     0.8097    0.7809    0.7904    616192
weighted avg     0.8348    0.8271    0.8271    616192
