              precision    recall  f1-score   support

           0     0.9982    0.9906    0.9944      6673
           1     0.9984    1.0000    0.9992      8819
           2     0.9710    0.9863    0.9786      2783
           3     0.9959    0.9925    0.9942      3185
           4     0.9906    0.9643    0.9773      9882
           5     0.9715    0.9955    0.9834     12789
           6     0.9675    0.9638    0.9657      2351
           7     0.9692    0.9648    0.9670      2217
           8     1.0000    0.9891    0.9945      3315
           9     1.0000    1.0000    1.0000      6347
          10     0.9969    1.0000    0.9985      5217
          11     0.9952    1.0000    0.9976      5199
          12     0.9948    0.9471    0.9704      2437
          13     1.0000    1.0000    1.0000      2720
          14     0.9338    0.9762    0.9546      2356
          15     0.9655    0.9669    0.9662      2024
          16     0.9876    0.9876    0.9876      2267
          17     0.9864    0.9879    0.9871      2058
          18     1.0000    1.0000    1.0000      3965
          19     1.0000    0.9984    0.9992      4315
          20     0.9923    0.9976    0.9949      4927
          21     0.9959    0.9955    0.9957     10126
          22     1.0000    0.9990    0.9995      6862
          23     0.9961    0.9990    0.9976      7996
          24     0.9992    0.9982    0.9987     10304
          25     0.9982    1.0000    0.9991      7789
          26     1.0000    0.9992    0.9996      9024
          27     0.9942    0.9902    0.9922     10874
          28     0.9960    0.9953    0.9957      8745
          29     1.0000    1.0000    1.0000     11420
          30     0.9965    0.9949    0.9957     12854
          31     0.9976    1.0000    0.9988      5792

    accuracy                         0.9931    197632
   macro avg     0.9903    0.9900    0.9901    197632
weighted avg     0.9932    0.9931    0.9931    197632
