              precision    recall  f1-score   support

           0     0.8921    0.9869    0.9371     20469
           1     0.9845    0.9902    0.9873     26926
           2     0.8870    0.8478    0.8670      8831
           3     0.8711    0.8548    0.8629     10031
           4     0.9618    0.9504    0.9560     30116
           5     0.9003    0.9834    0.9400     38865
           6     0.8521    0.7967    0.8235      7527
           7     0.8150    0.9060    0.8581      7127
           8     0.9689    0.9304    0.9493     10414
           9     0.9819    0.9835    0.9827     19511
          10     0.9821    0.9370    0.9590     16141
          11     0.9796    0.9647    0.9721     16101
          12     0.8806    0.8391    0.8593      7793
          13     0.9924    0.9846    0.9885      8652
          14     0.7986    0.8025    0.8006      7550
          15     0.7978    0.7591    0.7780      6534
          16     0.9249    0.9279    0.9264      7277
          17     0.9912    0.9332    0.9614      6664
          18     0.9837    0.9774    0.9805     12393
          19     0.9776    0.9607    0.9691     13464
          20     0.9513    0.9057    0.9279     15285
          21     0.9549    0.9218    0.9381     30848
          22     0.9875    0.9861    0.9868     21076
          23     0.9875    0.9879    0.9877     24465
          24     0.9925    0.9809    0.9867     31387
          25     0.9840    0.9953    0.9896     23850
          26     0.9946    0.9899    0.9923     27569
          27     0.9713    0.9536    0.9624     33084
          28     0.9677    0.9678    0.9678     26705
          29     0.9987    0.9942    0.9965     34734
          30     0.9559    0.9679    0.9619     39031
          31     0.9931    0.9814    0.9872     17708

    accuracy                         0.9570    608128
   macro avg     0.9426    0.9359    0.9389    608128
weighted avg     0.9576    0.9570    0.9570    608128
