              precision    recall  f1-score   support

           0     0.9943    0.9962    0.9952     20013
           1     0.9994    1.0000    0.9997     26422
           2     0.9800    0.9867    0.9833      8327
           3     0.9863    0.9892    0.9877      9527
           4     0.9945    0.9815    0.9880     29612
           5     0.9859    0.9981    0.9920     38361
           6     0.9543    0.9490    0.9517      7023
           7     0.9670    0.9653    0.9661      6623
           8     0.9972    0.9895    0.9933      9910
           9     0.9996    0.9985    0.9991     19007
          10     1.0000    1.0000    1.0000     15637
          11     0.9904    0.9965    0.9934     15597
          12     0.9900    0.9646    0.9771      7289
          13     1.0000    1.0000    1.0000      8148
          14     0.9599    0.9809    0.9703      7054
          15     0.9559    0.9428    0.9493      6030
          16     0.9624    0.9796    0.9710      6773
          17     0.9768    0.9758    0.9763      6160
          18     0.9993    0.9967    0.9980     11889
          19     0.9995    0.9989    0.9992     12912
          20     0.9932    0.9945    0.9938     14781
          21     0.9959    0.9941    0.9950     30344
          22     1.0000    0.9990    0.9995     20572
          23     0.9994    0.9982    0.9988     23961
          24     0.9986    0.9941    0.9963     30883
          25     0.9994    1.0000    0.9997     23346
          26     0.9987    0.9994    0.9990     27041
          27     0.9994    0.9985    0.9989     32580
          28     1.0000    0.9983    0.9991     26201
          29     0.9992    1.0000    0.9996     34230
          30     0.9926    0.9952    0.9939     38527
          31     0.9997    1.0000    0.9998     17348

    accuracy                         0.9940    592128
   macro avg     0.9897    0.9894    0.9895    592128
weighted avg     0.9940    0.9940    0.9940    592128
