              precision    recall  f1-score   support

           0     0.8085    0.8493    0.8284      6901
           1     0.7699    0.9215    0.8389      9071
           2     0.6409    0.5964    0.6179      3035
           3     0.6975    0.6165    0.6545      3437
           4     0.8480    0.8961    0.8714     10134
           5     0.8306    0.9285    0.8769     13041
           6     0.6937    0.4595    0.5528      2603
           7     0.6751    0.6472    0.6609      2469
           8     0.8016    0.6885    0.7408      3567
           9     0.9227    0.8465    0.8830      6599
          10     0.8954    0.7736    0.8301      5469
          11     0.9080    0.8677    0.8874      5451
          12     0.7187    0.5757    0.6393      2689
          13     0.8816    0.7413    0.8053      2972
          14     0.7300    0.6004    0.6589      2540
          15     0.6515    0.5791    0.6132      2276
          16     0.7492    0.7388    0.7440      2519
          17     0.8722    0.8450    0.8584      2310
          18     0.8501    0.7733    0.8099      4217
          19     0.8749    0.8519    0.8633      4591
          20     0.7795    0.6752    0.7236      5179
          21     0.8496    0.7356    0.7885     10378
          22     0.9191    0.8833    0.9009      7114
          23     0.8963    0.8984    0.8974      8248
          24     0.9397    0.8763    0.9069     10556
          25     0.9326    0.9167    0.9246      8041
          26     0.9461    0.8900    0.9172      9288
          27     0.8644    0.8433    0.8537     11126
          28     0.8736    0.8668    0.8702      8997
          29     0.9651    0.9168    0.9403     11672
          30     0.7182    0.8469    0.7773     13106
          31     0.5670    0.9486    0.7097      5972

    accuracy                         0.8322    205568
   macro avg     0.8147    0.7842    0.7952    205568
weighted avg     0.8393    0.8322    0.8321    205568
