              precision    recall  f1-score   support

           0     0.9696    0.9623    0.9660      6825
           1     0.9846    0.9879    0.9862      8987
           2     0.6726    0.8146    0.7369      2951
           3     0.8300    0.8273    0.8287      3353
           4     0.9307    0.9358    0.9333     10050
           5     0.9055    0.9639    0.9338     12957
           6     0.7897    0.7618    0.7755      2519
           7     0.8536    0.8847    0.8688      2385
           8     0.9582    0.9027    0.9296      3483
           9     0.9792    0.9750    0.9771      6515
          10     0.9750    0.9361    0.9552      5385
          11     0.9617    0.9672    0.9644      5367
          12     0.9014    0.8952    0.8983      2605
          13     0.9881    0.9792    0.9837      2888
          14     0.8374    0.8243    0.8308      2436
          15     0.8419    0.7555    0.7963      2192
          16     0.8662    0.9441    0.9035      2435
          17     0.9678    0.9039    0.9347      2226
          18     0.9600    0.9814    0.9706      4133
          19     0.9685    0.9567    0.9625      4499
          20     0.9071    0.9062    0.9066      5095
          21     0.9736    0.8781    0.9234     10294
          22     0.9772    0.9808    0.9790      7030
          23     0.9706    0.9708    0.9707      8164
          24     0.9804    0.9649    0.9726     10472
          25     0.9704    0.9932    0.9817      7957
          26     0.9850    0.9917    0.9884      9200
          27     0.9582    0.9385    0.9483     11042
          28     0.9549    0.9594    0.9571      8913
          29     0.9977    0.9940    0.9959     11588
          30     0.9370    0.9611    0.9489     13022
          31     0.9918    0.9797    0.9857      5912

    accuracy                         0.9470    202880
   macro avg     0.9296    0.9274    0.9279    202880
weighted avg     0.9481    0.9470    0.9471    202880
