              precision    recall  f1-score   support

           0     0.6918    0.7008    0.6963      6939
           1     0.6284    0.7906    0.7002      9113
           2     0.4371    0.4686    0.4523      3077
           3     0.4795    0.3794    0.4236      3479
           4     0.6652    0.7963    0.7248     10176
           5     0.7177    0.8835    0.7920     13083
           6     0.4797    0.2015    0.2838      2645
           7     0.5854    0.3891    0.4675      2511
           8     0.7425    0.3962    0.5167      3609
           9     0.8459    0.7389    0.7888      6641
          10     0.8467    0.6122    0.7106      5511
          11     0.8295    0.7333    0.7784      5493
          12     0.4036    0.3112    0.3515      2731
          13     0.7726    0.4429    0.5631      3014
          14     0.6152    0.3991    0.4841      2656
          15     0.5296    0.2545    0.3438      2318
          16     0.6695    0.4373    0.5291      2561
          17     0.7948    0.5714    0.6649      2352
          18     0.6958    0.4764    0.5656      4259
          19     0.7614    0.6599    0.7070      4637
          20     0.6404    0.3953    0.4889      5221
          21     0.6820    0.5736    0.6231     10420
          22     0.8447    0.7241    0.7798      7156
          23     0.8007    0.6538    0.7198      8290
          24     0.8119    0.7756    0.7933     10598
          25     0.6310    0.8467    0.7231      8083
          26     0.7642    0.7889    0.7764      9332
          27     0.7686    0.6967    0.7309     11168
          28     0.8119    0.7493    0.7794      9039
          29     0.8063    0.8313    0.8186     11714
          30     0.5079    0.7904    0.6184     13148
          31     0.4749    0.8959    0.6207      6002

    accuracy                         0.6873    206976
   macro avg     0.6793    0.6052    0.6255    206976
weighted avg     0.7015    0.6873    0.6818    206976
