              precision    recall  f1-score   support

           0     0.9955    0.9921    0.9938     20013
           1     0.9990    1.0000    0.9995     26422
           2     0.9874    0.9784    0.9829      8327
           3     0.9911    0.9807    0.9859      9527
           4     0.9948    0.9774    0.9860     29612
           5     0.9821    0.9997    0.9908     38361
           6     0.9908    0.9386    0.9640      7023
           7     0.9557    0.9973    0.9761      6623
           8     1.0000    0.9939    0.9970      9910
           9     0.9987    1.0000    0.9994     19007
          10     0.9992    1.0000    0.9996     15637
          11     0.9991    1.0000    0.9996     15597
          12     0.9961    0.9728    0.9843      7289
          13     1.0000    1.0000    1.0000      8148
          14     0.9776    0.9948    0.9861      7054
          15     0.9875    0.9950    0.9912      6030
          16     0.9811    0.9885    0.9848      6773
          17     0.9820    0.9766    0.9793      6160
          18     1.0000    0.9973    0.9987     11889
          19     1.0000    0.9949    0.9974     12912
          20     0.9985    0.9991    0.9988     14781
          21     0.9961    0.9994    0.9977     30344
          22     0.9997    0.9997    0.9997     20572
          23     0.9968    0.9994    0.9981     23961
          24     0.9995    0.9972    0.9983     30883
          25     0.9961    0.9997    0.9979     23346
          26     0.9993    0.9995    0.9994     27041
          27     0.9884    0.9857    0.9870     32580
          28     0.9843    0.9899    0.9871     26201
          29     1.0000    1.0000    1.0000     34230
          30     0.9992    0.9986    0.9989     38527
          31     1.0000    1.0000    1.0000     17348

    accuracy                         0.9945    592128
   macro avg     0.9930    0.9921    0.9925    592128
weighted avg     0.9946    0.9945    0.9945    592128
