              precision    recall  f1-score   support

           0     0.9885    0.9938    0.9911      6749
           1     0.9966    0.9924    0.9945      8903
           2     0.9481    0.9627    0.9553      2867
           3     0.9825    0.9596    0.9709      3269
           4     0.9866    0.9570    0.9715      9966
           5     0.9620    0.9963    0.9788     12873
           6     0.9513    0.9376    0.9444      2435
           7     0.9434    0.9570    0.9502      2301
           8     0.9958    0.9865    0.9911      3399
           9     0.9991    1.0000    0.9995      6431
          10     0.9973    0.9902    0.9938      5301
          11     0.9947    0.9917    0.9932      5283
          12     0.9903    0.9758    0.9830      2521
          13     0.9979    0.9975    0.9977      2804
          14     0.9645    0.9154    0.9393      2460
          15     0.9065    0.9701    0.9372      2108
          16     0.9786    0.9732    0.9759      2351
          17     0.9768    0.9818    0.9793      2142
          18     1.0000    0.9980    0.9990      4049
          19     0.9986    0.9973    0.9980      4407
          20     0.9947    0.9794    0.9870      5011
          21     0.9962    0.9907    0.9934     10210
          22     0.9983    0.9964    0.9973      6946
          23     0.9932    1.0000    0.9966      8080
          24     0.9994    0.9953    0.9973     10388
          25     0.9965    1.0000    0.9982      7873
          26     0.9979    0.9993    0.9986      9112
          27     0.9836    0.9868    0.9852     10958
          28     0.9824    0.9843    0.9833      8829
          29     1.0000    0.9983    0.9991     11504
          30     0.9938    0.9975    0.9956     12938
          31     0.9988    0.9986    0.9987      5852

    accuracy                         0.9885    200320
   macro avg     0.9842    0.9831    0.9836    200320
weighted avg     0.9886    0.9885    0.9885    200320
