              precision    recall  f1-score   support

           0     0.7864    0.8218    0.8037      6901
           1     0.8133    0.8976    0.8534      9071
           2     0.6635    0.5502    0.6016      3035
           3     0.6012    0.5799    0.5903      3437
           4     0.8530    0.8102    0.8311     10134
           5     0.7742    0.8972    0.8312     13041
           6     0.6443    0.4426    0.5247      2603
           7     0.6652    0.6565    0.6608      2469
           8     0.7896    0.6165    0.6924      3567
           9     0.8948    0.8556    0.8747      6599
          10     0.8439    0.7570    0.7981      5469
          11     0.9114    0.8400    0.8743      5451
          12     0.7254    0.4883    0.5837      2689
          13     0.9083    0.7500    0.8216      2972
          14     0.6322    0.6177    0.6249      2540
          15     0.6393    0.4820    0.5496      2276
          16     0.6893    0.6975    0.6934      2519
          17     0.8828    0.8152    0.8476      2310
          18     0.8375    0.7700    0.8023      4217
          19     0.8763    0.8116    0.8427      4591
          20     0.7729    0.6689    0.7171      5179
          21     0.8491    0.6982    0.7663     10378
          22     0.9214    0.8770    0.8987      7114
          23     0.9050    0.8412    0.8719      8248
          24     0.9084    0.8809    0.8944     10556
          25     0.8922    0.8975    0.8949      8041
          26     0.9232    0.8914    0.9070      9288
          27     0.8295    0.8410    0.8352     11126
          28     0.8848    0.8486    0.8663      8997
          29     0.9668    0.9122    0.9387     11672
          30     0.6338    0.8692    0.7331     13106
          31     0.5911    0.9509    0.7291      5972

    accuracy                         0.8121    205568
   macro avg     0.7972    0.7604    0.7736    205568
weighted avg     0.8210    0.8121    0.8119    205568
