              precision    recall  f1-score   support

           0     0.6535    0.7251    0.6875     20811
           1     0.7102    0.7718    0.7397     27304
           2     0.4198    0.4677    0.4425      9209
           3     0.4736    0.3652    0.4124     10409
           4     0.7570    0.7421    0.7495     30494
           5     0.7519    0.8548    0.8001     39243
           6     0.4752    0.2243    0.3047      7905
           7     0.5228    0.3772    0.4382      7505
           8     0.7746    0.3537    0.4856     10792
           9     0.8032    0.7256    0.7624     19889
          10     0.8110    0.6138    0.6987     16519
          11     0.8259    0.7543    0.7885     16479
          12     0.5168    0.2872    0.3693      8171
          13     0.7515    0.3939    0.5169      9030
          14     0.6174    0.4046    0.4888      7954
          15     0.4386    0.3707    0.4018      6912
          16     0.5637    0.3706    0.4472      7655
          17     0.6933    0.5297    0.6005      7042
          18     0.6453    0.5261    0.5796     12771
          19     0.7496    0.6461    0.6940     13878
          20     0.6429    0.3859    0.4823     15663
          21     0.6652    0.5606    0.6084     31226
          22     0.8476    0.7451    0.7931     21454
          23     0.8286    0.6647    0.7376     24843
          24     0.8322    0.7604    0.7947     31765
          25     0.7418    0.8011    0.7703     24228
          26     0.7721    0.7962    0.7840     27965
          27     0.7585    0.6910    0.7232     33462
          28     0.7975    0.7442    0.7700     27083
          29     0.8633    0.8198    0.8410     35112
          30     0.4842    0.7580    0.5909     39409
          31     0.3241    0.9478    0.4830     17978

    accuracy                         0.6783    620160
   macro avg     0.6723    0.5994    0.6183    620160
weighted avg     0.7063    0.6783    0.6790    620160
