              precision    recall  f1-score   support

           0     1.0000    0.9975    0.9988     19785
           1     1.0000    1.0000    1.0000     26170
           2     0.9975    0.9984    0.9980      8075
           3     1.0000    0.9991    0.9996      9275
           4     0.9979    0.9857    0.9918     29360
           5     0.9885    1.0000    0.9942     38109
           6     0.9904    0.9876    0.9890      6771
           7     0.9869    0.9962    0.9916      6371
           8     0.9993    0.9975    0.9984      9658
           9     0.9990    1.0000    0.9995     18755
          10     1.0000    1.0000    1.0000     15385
          11     1.0000    0.9996    0.9998     15345
          12     0.9971    0.9933    0.9952      7037
          13     1.0000    1.0000    1.0000      7896
          14     0.9846    0.9651    0.9748      6742
          15     0.9624    0.9891    0.9756      5778
          16     1.0000    1.0000    1.0000      6521
          17     1.0000    1.0000    1.0000      5908
          18     0.9986    1.0000    0.9993     11637
          19     1.0000    0.9978    0.9989     12636
          20     0.9981    1.0000    0.9990     14529
          21     1.0000    0.9985    0.9993     30092
          22     1.0000    1.0000    1.0000     20320
          23     0.9997    0.9987    0.9992     23709
          24     0.9990    0.9998    0.9994     30631
          25     1.0000    1.0000    1.0000     23094
          26     1.0000    1.0000    1.0000     26777
          27     0.9978    0.9951    0.9965     32328
          28     0.9965    0.9971    0.9968     25949
          29     1.0000    1.0000    1.0000     33978
          30     0.9993    1.0000    0.9996     38275
          31     1.0000    1.0000    1.0000     17168

    accuracy                         0.9977    584064
   macro avg     0.9966    0.9968    0.9967    584064
weighted avg     0.9978    0.9977    0.9977    584064
