              precision    recall  f1-score   support

           0     1.0000    0.9991    0.9995      6597
           1     0.9993    0.9991    0.9992      8735
           2     1.0000    0.9922    0.9961      2699
           3     0.9933    1.0000    0.9966      3101
           4     1.0000    0.9891    0.9945      9798
           5     0.9903    1.0000    0.9951     12705
           6     1.0000    0.9550    0.9770      2267
           7     0.9682    0.9695    0.9688      2133
           8     0.9981    1.0000    0.9991      3231
           9     1.0000    1.0000    1.0000      6263
          10     1.0000    1.0000    1.0000      5133
          11     0.9913    1.0000    0.9956      5115
          12     0.9940    0.9894    0.9917      2353
          13     1.0000    1.0000    1.0000      2636
          14     0.9887    0.9738    0.9812      2252
          15     0.9773    1.0000    0.9885      1940
          16     0.9847    1.0000    0.9923      2183
          17     0.9680    0.9970    0.9823      1974
          18     1.0000    1.0000    1.0000      3881
          19     1.0000    1.0000    1.0000      4223
          20     1.0000    0.9988    0.9994      4843
          21     1.0000    0.9979    0.9990     10042
          22     1.0000    0.9979    0.9990      6778
          23     1.0000    1.0000    1.0000      7912
          24     1.0000    1.0000    1.0000     10220
          25     0.9992    1.0000    0.9996      7705
          26     0.9984    1.0000    0.9992      8936
          27     0.9987    0.9956    0.9971     10790
          28     1.0000    0.9984    0.9992      8661
          29     1.0000    1.0000    1.0000     11336
          30     0.9979    0.9991    0.9985     12770
          31     1.0000    1.0000    1.0000      5732

    accuracy                         0.9974    194944
   macro avg     0.9952    0.9954    0.9953    194944
weighted avg     0.9974    0.9974    0.9974    194944
