              precision    recall  f1-score   support

           0     0.9754    0.9863    0.9808     20241
           1     0.9957    0.9979    0.9968     26674
           2     0.9341    0.9329    0.9335      8579
           3     0.9353    0.9227    0.9290      9779
           4     0.9840    0.9402    0.9616     29864
           5     0.9390    0.9962    0.9668     38613
           6     0.9312    0.8730    0.9012      7275
           7     0.9270    0.9436    0.9352      6875
           8     0.9897    0.9741    0.9818     10162
           9     0.9961    0.9964    0.9962     19259
          10     0.9908    0.9882    0.9895     15889
          11     0.9941    0.9926    0.9934     15849
          12     0.9564    0.9377    0.9470      7541
          13     0.9954    1.0000    0.9977      8400
          14     0.8987    0.9331    0.9156      7238
          15     0.9449    0.9027    0.9233      6282
          16     0.9310    0.9702    0.9502      7025
          17     0.9680    0.9704    0.9692      6412
          18     1.0000    0.9921    0.9960     12141
          19     0.9949    0.9787    0.9867     13188
          20     0.9627    0.9658    0.9642     15033
          21     0.9864    0.9639    0.9751     30596
          22     0.9985    0.9905    0.9945     20824
          23     0.9974    0.9968    0.9971     24213
          24     0.9974    0.9975    0.9975     31135
          25     0.9904    0.9956    0.9930     23598
          26     0.9941    0.9976    0.9959     27305
          27     0.9839    0.9752    0.9795     32832
          28     0.9781    0.9801    0.9791     26453
          29     1.0000    0.9977    0.9989     34482
          30     0.9765    0.9878    0.9821     38779
          31     1.0000    0.9983    0.9991     17528

    accuracy                         0.9801    600064
   macro avg     0.9733    0.9711    0.9721    600064
weighted avg     0.9803    0.9801    0.9801    600064
