              precision    recall  f1-score   support

           0     0.9021    0.9859    0.9421     20469
           1     0.9837    0.9869    0.9853     26926
           2     0.8996    0.8128    0.8540      8831
           3     0.8895    0.7682    0.8244     10031
           4     0.9435    0.9278    0.9356     30116
           5     0.8798    0.9802    0.9273     38865
           6     0.7918    0.7635    0.7774      7527
           7     0.7856    0.8608    0.8215      7127
           8     0.9622    0.9054    0.9330     10414
           9     0.9734    0.9782    0.9758     19511
          10     0.9754    0.9227    0.9483     16141
          11     0.9850    0.9604    0.9726     16101
          12     0.8982    0.8627    0.8801      7793
          13     0.9904    0.9793    0.9848      8652
          14     0.8381    0.7836    0.8099      7550
          15     0.7801    0.8036    0.7917      6534
          16     0.8809    0.9441    0.9114      7277
          17     0.9543    0.9368    0.9455      6664
          18     0.9867    0.9462    0.9660     12393
          19     0.9685    0.9519    0.9601     13464
          20     0.9451    0.9090    0.9267     15285
          21     0.9531    0.9082    0.9301     30848
          22     0.9871    0.9894    0.9882     21076
          23     0.9799    0.9852    0.9825     24465
          24     0.9926    0.9768    0.9846     31387
          25     0.9887    0.9943    0.9915     23850
          26     0.9853    0.9900    0.9876     27569
          27     0.9602    0.9444    0.9522     33084
          28     0.9565    0.9648    0.9606     26705
          29     0.9980    0.9927    0.9953     34734
          30     0.9418    0.9745    0.9579     39031
          31     0.9888    0.9860    0.9874     17708

    accuracy                         0.9504    608128
   macro avg     0.9358    0.9274    0.9310    608128
weighted avg     0.9511    0.9504    0.9502    608128
