              precision    recall  f1-score   support

           0     0.9955    0.9958    0.9957      6673
           1     0.9981    1.0000    0.9990      8819
           2     0.9772    0.9723    0.9748      2783
           3     0.9889    0.9805    0.9847      3185
           4     0.9962    0.9617    0.9787      9882
           5     0.9698    1.0000    0.9847     12789
           6     0.9867    0.9468    0.9664      2351
           7     0.9645    0.9797    0.9720      2217
           8     1.0000    0.9946    0.9973      3315
           9     1.0000    1.0000    1.0000      6347
          10     1.0000    0.9987    0.9993      5217
          11     0.9920    1.0000    0.9960      5199
          12     1.0000    0.9659    0.9827      2437
          13     0.9974    0.9974    0.9974      2720
          14     0.9587    0.9843    0.9713      2356
          15     0.9779    0.9842    0.9810      2024
          16     0.9826    0.9938    0.9882      2267
          17     0.9859    0.9879    0.9869      2058
          18     1.0000    0.9942    0.9971      3965
          19     1.0000    0.9984    0.9992      4315
          20     0.9986    0.9972    0.9979      4927
          21     0.9970    0.9900    0.9935     10126
          22     1.0000    0.9949    0.9974      6862
          23     0.9974    1.0000    0.9987      7996
          24     1.0000    0.9980    0.9990     10304
          25     0.9968    0.9985    0.9976      7789
          26     0.9973    0.9990    0.9982      9024
          27     0.9897    0.9974    0.9935     10874
          28     0.9968    0.9905    0.9936      8745
          29     1.0000    1.0000    1.0000     11420
          30     0.9936    0.9991    0.9963     12854
          31     0.9990    0.9990    0.9990      5792

    accuracy                         0.9935    197632
   macro avg     0.9918    0.9906    0.9912    197632
weighted avg     0.9936    0.9935    0.9935    197632
