              precision    recall  f1-score   support

           0     0.8999    0.9795    0.9380      6825
           1     0.9751    0.9875    0.9813      8987
           2     0.8557    0.7858    0.8193      2951
           3     0.8605    0.8554    0.8579      3353
           4     0.9608    0.9299    0.9451     10050
           5     0.8998    0.9824    0.9393     12957
           6     0.8075    0.8341    0.8205      2519
           7     0.8927    0.8788    0.8857      2385
           8     0.9694    0.9007    0.9338      3483
           9     0.9689    0.9802    0.9745      6515
          10     0.9625    0.9428    0.9525      5385
          11     0.9673    0.9357    0.9512      5367
          12     0.8930    0.8365    0.8638      2605
          13     0.9878    0.9813    0.9845      2888
          14     0.7443    0.7730    0.7584      2436
          15     0.7700    0.7194    0.7439      2192
          16     0.9304    0.9450    0.9377      2435
          17     0.9384    0.9452    0.9418      2226
          18     0.9791    0.9521    0.9654      4133
          19     0.9704    0.9191    0.9441      4499
          20     0.9190    0.8836    0.9009      5095
          21     0.9307    0.9067    0.9186     10294
          22     0.9855    0.9778    0.9816      7030
          23     0.9715    0.9848    0.9781      8164
          24     0.9917    0.9693    0.9803     10472
          25     0.9787    0.9941    0.9863      7957
          26     0.9906    0.9884    0.9895      9200
          27     0.9643    0.9418    0.9529     11042
          28     0.9518    0.9645    0.9581      8913
          29     0.9976    0.9939    0.9957     11588
          30     0.9327    0.9606    0.9465     13022
          31     0.9916    0.9831    0.9873      5912

    accuracy                         0.9480    202880
   macro avg     0.9325    0.9254    0.9286    202880
weighted avg     0.9484    0.9480    0.9478    202880
