              precision    recall  f1-score   support

           0     0.8303    0.8286    0.8294     20697
           1     0.7993    0.8842    0.8396     27178
           2     0.6529    0.5843    0.6167      9083
           3     0.5855    0.5466    0.5654     10283
           4     0.8247    0.8327    0.8287     30368
           5     0.8133    0.9019    0.8553     39117
           6     0.6653    0.4623    0.5455      7779
           7     0.6594    0.6745    0.6668      7379
           8     0.8087    0.6246    0.7048     10666
           9     0.8809    0.8470    0.8636     19763
          10     0.8839    0.7742    0.8254     16393
          11     0.9284    0.8633    0.8947     16353
          12     0.6722    0.5756    0.6202      8045
          13     0.7649    0.7528    0.7588      8904
          14     0.6606    0.5674    0.6105      7862
          15     0.6348    0.4608    0.5340      6786
          16     0.7298    0.7385    0.7341      7529
          17     0.8722    0.8171    0.8437      6916
          18     0.8108    0.7746    0.7923     12645
          19     0.8752    0.8131    0.8430     13740
          20     0.7332    0.6588    0.6940     15537
          21     0.8556    0.7052    0.7731     31100
          22     0.9283    0.8870    0.9072     21328
          23     0.9021    0.8429    0.8715     24717
          24     0.9116    0.8717    0.8912     31639
          25     0.8958    0.8954    0.8956     24102
          26     0.8585    0.8917    0.8748     27833
          27     0.8539    0.8440    0.8489     33336
          28     0.8858    0.8541    0.8697     26957
          29     0.9567    0.9108    0.9332     34986
          30     0.6692    0.8749    0.7583     39283
          31     0.6075    0.9422    0.7387     17888

    accuracy                         0.8158    616192
   macro avg     0.7941    0.7657    0.7759    616192
weighted avg     0.8218    0.8158    0.8152    616192
