              precision    recall  f1-score   support

           0     0.8905    0.9321    0.9108     20469
           1     0.9350    0.9552    0.9450     26926
           2     0.7152    0.9110    0.8013      8831
           3     0.8826    0.8058    0.8425     10031
           4     0.8585    0.9381    0.8966     30116
           5     0.8294    0.9068    0.8664     38865
           6     0.6424    0.6317    0.6370      7527
           7     0.7577    0.7531    0.7554      7127
           8     0.8838    0.9012    0.8924     10414
           9     0.9738    0.9288    0.9508     19511
          10     0.8088    0.6231    0.7039     16141
          11     0.8872    0.7908    0.8362     16101
          12     0.7680    0.7486    0.7582      7793
          13     0.9857    0.9585    0.9719      8652
          14     0.6921    0.6521    0.6715      7550
          15     0.6453    0.6013    0.6225      6534
          16     0.8561    0.8486    0.8523      7277
          17     0.9890    0.9187    0.9525      6664
          18     0.8907    0.9451    0.9171     12393
          19     0.9490    0.9328    0.9408     13464
          20     0.8156    0.8318    0.8236     15285
          21     0.8677    0.8089    0.8373     30848
          22     0.9184    0.9596    0.9386     21076
          23     0.8510    0.9437    0.8949     24465
          24     0.9490    0.8258    0.8831     31387
          25     0.9488    0.9781    0.9632     23850
          26     0.9729    0.8987    0.9343     27569
          27     0.8789    0.8793    0.8791     33084
          28     0.8925    0.9284    0.9101     26705
          29     0.9936    0.9853    0.9894     34734
          30     0.8799    0.8868    0.8833     39031
          31     0.9451    0.9802    0.9623     17708

    accuracy                         0.8871    608128
   macro avg     0.8673    0.8622    0.8633    608128
weighted avg     0.8883    0.8871    0.8863    608128
