              precision    recall  f1-score   support

           0     0.7772    0.7082    0.7411      6901
           1     0.6525    0.8668    0.7445      9071
           2     0.4717    0.6840    0.5584      3035
           3     0.6557    0.4914    0.5618      3437
           4     0.7158    0.8056    0.7581     10134
           5     0.6961    0.8537    0.7669     13041
           6     0.5376    0.3815    0.4463      2603
           7     0.6104    0.5678    0.5883      2469
           8     0.6863    0.6414    0.6631      3567
           9     0.8882    0.7618    0.8201      6599
          10     0.6057    0.3624    0.4535      5469
          11     0.7634    0.6790    0.7187      5451
          12     0.5483    0.4288    0.4812      2689
          13     0.7873    0.6376    0.7046      2972
          14     0.4997    0.5740    0.5343      2540
          15     0.4625    0.2333    0.3102      2276
          16     0.6378    0.6487    0.6432      2519
          17     0.8687    0.7848    0.8247      2310
          18     0.6768    0.7479    0.7106      4217
          19     0.7748    0.8005    0.7874      4591
          20     0.6095    0.5109    0.5559      5179
          21     0.7371    0.6050    0.6646     10378
          22     0.8161    0.8001    0.8080      7114
          23     0.6829    0.8116    0.7417      8248
          24     0.8418    0.6224    0.7156     10556
          25     0.8777    0.8468    0.8620      8041
          26     0.8824    0.7308    0.7995      9288
          27     0.6930    0.7343    0.7130     11126
          28     0.6992    0.7686    0.7322      8997
          29     0.9516    0.8868    0.9180     11672
          30     0.6530    0.7828    0.7120     13106
          31     0.7211    0.9427    0.8172      5972

    accuracy                         0.7264    205568
   macro avg     0.7026    0.6782    0.6830    205568
weighted avg     0.7321    0.7264    0.7227    205568
