              precision    recall  f1-score   support

           0     0.9906    0.9587    0.9744     20013
           1     0.9906    0.9925    0.9915     26422
           2     0.9296    0.9534    0.9414      8327
           3     0.9356    0.9719    0.9534      9527
           4     0.9457    0.9824    0.9637     29612
           5     0.9464    0.9606    0.9534     38361
           6     0.8414    0.9104    0.8746      7023
           7     0.9268    0.8547    0.8893      6623
           8     0.9838    0.9828    0.9833      9910
           9     0.9968    0.9925    0.9947     19007
          10     0.8894    0.8864    0.8879     15637
          11     0.9836    0.8723    0.9246     15597
          12     0.9190    0.9078    0.9134      7289
          13     1.0000    1.0000    1.0000      8148
          14     0.8487    0.8390    0.8438      7054
          15     0.7860    0.7997    0.7928      6030
          16     0.9593    0.9386    0.9488      6773
          17     0.9920    0.9886    0.9903      6160
          18     0.9906    0.9914    0.9910     11889
          19     0.9967    0.9967    0.9967     12912
          20     0.9852    0.9896    0.9874     14781
          21     0.9763    0.9842    0.9803     30344
          22     0.9876    0.9979    0.9927     20572
          23     0.9547    0.9985    0.9762     23961
          24     0.9964    0.9553    0.9754     30883
          25     0.9793    0.9937    0.9865     23346
          26     0.9946    0.9864    0.9905     27041
          27     0.9817    0.9843    0.9830     32580
          28     0.9846    0.9868    0.9857     26201
          29     0.9996    1.0000    0.9998     34230
          30     0.9925    0.9750    0.9836     38527
          31     0.9747    0.9977    0.9861     17348

    accuracy                         0.9705    592128
   macro avg     0.9581    0.9572    0.9574    592128
weighted avg     0.9708    0.9705    0.9704    592128
