              precision    recall  f1-score   support

           0     0.8153    0.6909    0.7479     20697
           1     0.6790    0.8635    0.7602     27178
           2     0.4626    0.6806    0.5508      9083
           3     0.6322    0.5061    0.5622     10283
           4     0.7001    0.8202    0.7554     30368
           5     0.7127    0.8557    0.7777     39117
           6     0.5219    0.3785    0.4387      7779
           7     0.6197    0.5418    0.5781      7379
           8     0.6939    0.6299    0.6603     10666
           9     0.8812    0.7831    0.8293     19763
          10     0.6051    0.3732    0.4617     16393
          11     0.7552    0.6938    0.7232     16353
          12     0.4941    0.4493    0.4706      8045
          13     0.8317    0.6600    0.7360      8904
          14     0.5432    0.5120    0.5271      7862
          15     0.5068    0.2868    0.3663      6786
          16     0.6281    0.6362    0.6321      7529
          17     0.8682    0.8112    0.8387      6916
          18     0.6291    0.7619    0.6892     12645
          19     0.7704    0.8016    0.7857     13740
          20     0.6092    0.5447    0.5751     15537
          21     0.7288    0.5774    0.6443     31100
          22     0.8410    0.7821    0.8105     21328
          23     0.7180    0.8090    0.7608     24717
          24     0.8454    0.6626    0.7429     31639
          25     0.8542    0.8393    0.8467     24102
          26     0.9092    0.7514    0.8228     27833
          27     0.7041    0.7379    0.7206     33336
          28     0.6963    0.7618    0.7276     26957
          29     0.9533    0.8874    0.9192     34986
          30     0.6406    0.7755    0.7017     39283
          31     0.7140    0.9539    0.8167     17888

    accuracy                         0.7296    616192
   macro avg     0.7051    0.6818    0.6869    616192
weighted avg     0.7355    0.7296    0.7265    616192
