              precision    recall  f1-score   support

           0     0.9975    0.9845    0.9909     19785
           1     0.9991    0.9979    0.9985     26170
           2     0.9729    0.9963    0.9845      8075
           3     0.9543    0.9778    0.9659      9275
           4     0.9521    0.9870    0.9692     29360
           5     0.9710    0.9723    0.9716     38109
           6     0.8486    0.9765    0.9081      6771
           7     0.9386    0.8620    0.8987      6371
           8     0.9944    1.0000    0.9972      9658
           9     1.0000    0.9980    0.9990     18755
          10     0.8911    0.9253    0.9079     15385
          11     0.9857    0.8533    0.9147     15345
          12     0.9653    0.9380    0.9515      7037
          13     1.0000    1.0000    1.0000      7896
          14     0.9393    0.8431    0.8886      6742
          15     0.7871    0.9093    0.8438      5778
          16     0.9941    0.9045    0.9472      6521
          17     1.0000    0.9988    0.9994      5908
          18     0.9939    1.0000    0.9969     11637
          19     1.0000    1.0000    1.0000     12636
          20     0.9907    0.9988    0.9947     14529
          21     0.9844    0.9954    0.9899     30092
          22     0.9954    0.9945    0.9949     20320
          23     0.9469    0.9986    0.9721     23709
          24     0.9989    0.9539    0.9759     30631
          25     0.9925    0.9997    0.9961     23094
          26     0.9990    0.9954    0.9972     26777
          27     0.9894    0.9917    0.9905     32328
          28     0.9876    0.9941    0.9909     25949
          29     1.0000    0.9995    0.9998     33978
          30     0.9980    0.9848    0.9914     38275
          31     0.9948    0.9986    0.9967     17168

    accuracy                         0.9794    584064
   macro avg     0.9707    0.9697    0.9695    584064
weighted avg     0.9801    0.9794    0.9794    584064
