              precision    recall  f1-score   support

           0     0.9627    0.9675    0.9651     20241
           1     0.9888    0.9825    0.9856     26674
           2     0.8661    0.9359    0.8997      8579
           3     0.9072    0.9377    0.9222      9779
           4     0.9082    0.9759    0.9408     29864
           5     0.9098    0.9390    0.9241     38613
           6     0.7335    0.8338    0.7804      7275
           7     0.8929    0.7590    0.8205      6875
           8     0.9364    0.9845    0.9598     10162
           9     0.9911    0.9732    0.9821     19259
          10     0.8616    0.7938    0.8263     15889
          11     0.9558    0.8365    0.8922     15849
          12     0.9379    0.8409    0.8867      7541
          13     1.0000    0.9932    0.9966      8400
          14     0.7775    0.6945    0.7337      7238
          15     0.6550    0.7892    0.7159      6282
          16     0.9222    0.8729    0.8969      7025
          17     0.9924    0.9786    0.9855      6412
          18     0.9453    0.9801    0.9624     12141
          19     0.9859    0.9757    0.9808     13188
          20     0.9264    0.9474    0.9368     15033
          21     0.9498    0.9346    0.9422     30596
          22     0.9800    0.9924    0.9862     20824
          23     0.8884    0.9940    0.9382     24213
          24     0.9931    0.8811    0.9338     31135
          25     0.9747    0.9879    0.9813     23598
          26     0.9836    0.9778    0.9807     27305
          27     0.9544    0.9614    0.9579     32832
          28     0.9666    0.9646    0.9656     26453
          29     0.9998    0.9918    0.9957     34482
          30     0.9684    0.9515    0.9599     38779
          31     0.9774    0.9932    0.9852     17528

    accuracy                         0.9445    600064
   macro avg     0.9279    0.9257    0.9256    600064
weighted avg     0.9459    0.9445    0.9444    600064
