              precision    recall  f1-score   support

           0     0.9321    0.9347    0.9334      6825
           1     0.9568    0.9676    0.9622      8987
           2     0.7309    0.9021    0.8075      2951
           3     0.8711    0.7942    0.8309      3353
           4     0.8568    0.9386    0.8959     10050
           5     0.8355    0.9114    0.8718     12957
           6     0.6530    0.6514    0.6522      2519
           7     0.7693    0.7312    0.7498      2385
           8     0.8985    0.9024    0.9004      3483
           9     0.9735    0.9467    0.9599      6515
          10     0.8185    0.6490    0.7240      5385
          11     0.9002    0.8036    0.8492      5367
          12     0.7809    0.8334    0.8063      2605
          13     0.9950    0.9595    0.9769      2888
          14     0.5970    0.6925    0.6412      2436
          15     0.6282    0.4170    0.5012      2192
          16     0.8999    0.8715    0.8855      2435
          17     0.9820    0.9326    0.9567      2226
          18     0.8730    0.9545    0.9119      4133
          19     0.9402    0.9533    0.9467      4499
          20     0.8423    0.8628    0.8524      5095
          21     0.8833    0.8046    0.8422     10294
          22     0.9415    0.9479    0.9447      7030
          23     0.8509    0.9413    0.8938      8164
          24     0.9374    0.8332    0.8822     10472
          25     0.9577    0.9700    0.9638      7957
          26     0.9689    0.9370    0.9526      9200
          27     0.8859    0.8997    0.8928     11042
          28     0.9074    0.9353    0.9211      8913
          29     0.9983    0.9897    0.9940     11588
          30     0.8930    0.8880    0.8905     13022
          31     0.9349    0.9841    0.9589      5912

    accuracy                         0.8938    202880
   macro avg     0.8717    0.8669    0.8673    202880
weighted avg     0.8947    0.8938    0.8928    202880
