              precision    recall  f1-score   support

           0     0.9915    0.9621    0.9766      6673
           1     0.9853    0.9959    0.9906      8819
           2     0.9281    0.9511    0.9395      2783
           3     0.9458    0.9812    0.9632      3185
           4     0.9401    0.9869    0.9630      9882
           5     0.9481    0.9609    0.9544     12789
           6     0.7997    0.9375    0.8631      2351
           7     0.9838    0.7961    0.8801      2217
           8     0.9690    0.9906    0.9797      3315
           9     0.9965    0.9860    0.9912      6347
          10     0.8776    0.8892    0.8834      5217
          11     0.9712    0.8313    0.8958      5199
          12     0.9789    0.9142    0.9455      2437
          13     1.0000    1.0000    1.0000      2720
          14     0.8996    0.7683    0.8288      2356
          15     0.7289    0.9086    0.8089      2024
          16     0.9631    0.9550    0.9590      2267
          17     0.9902    0.9864    0.9883      2058
          18     0.9818    0.9919    0.9868      3965
          19     0.9953    0.9873    0.9913      4315
          20     0.9699    0.9868    0.9783      4927
          21     0.9713    0.9881    0.9796     10126
          22     0.9835    1.0000    0.9917      6862
          23     0.9487    0.9897    0.9688      7996
          24     0.9837    0.9452    0.9641     10304
          25     0.9821    0.9947    0.9884      7789
          26     0.9969    0.9828    0.9898      9024
          27     0.9844    0.9780    0.9812     10874
          28     0.9803    0.9936    0.9869      8745
          29     1.0000    0.9967    0.9983     11420
          30     0.9949    0.9632    0.9788     12854
          31     0.9845    0.9972    0.9908      5792

    accuracy                         0.9681    197632
   macro avg     0.9580    0.9561    0.9558    197632
weighted avg     0.9693    0.9681    0.9681    197632
