              precision    recall  f1-score   support

           0     0.7607    0.4819    0.5900     20811
           1     0.4530    0.7691    0.5702     27304
           2     0.2534    0.5474    0.3464      9209
           3     0.4717    0.2627    0.3374     10409
           4     0.5977    0.6809    0.6366     30494
           5     0.6247    0.8398    0.7164     39243
           6     0.3939    0.1499    0.2172      7905
           7     0.4595    0.3564    0.4015      7505
           8     0.5683    0.3566    0.4382     10792
           9     0.8244    0.6566    0.7310     19889
          10     0.4744    0.1662    0.2462     16519
          11     0.6437    0.5264    0.5792     16479
          12     0.4262    0.1881    0.2610      8171
          13     0.6453    0.4107    0.5020      9030
          14     0.5355    0.3569    0.4283      7954
          15     0.3477    0.2875    0.3147      6912
          16     0.3107    0.3373    0.3235      7655
          17     0.6862    0.5061    0.5825      7042
          18     0.4995    0.4180    0.4551     12771
          19     0.6170    0.6283    0.6226     13878
          20     0.5096    0.2420    0.3282     15663
          21     0.5081    0.5457    0.5262     31226
          22     0.7236    0.6249    0.6706     21454
          23     0.6199    0.6474    0.6334     24843
          24     0.7603    0.5030    0.6055     31765
          25     0.8475    0.6814    0.7554     24228
          26     0.7996    0.6359    0.7084     27965
          27     0.5676    0.6361    0.5999     33462
          28     0.5848    0.6145    0.5992     27083
          29     0.7959    0.8016    0.7987     35112
          30     0.4988    0.7130    0.5870     39409
          31     0.4994    0.8948    0.6411     17978

    accuracy                         0.5899    620160
   macro avg     0.5722    0.5146    0.5236    620160
weighted avg     0.6080    0.5899    0.5821    620160
