              precision    recall  f1-score   support

           0     0.7563    0.4983    0.6008      6939
           1     0.5007    0.7396    0.5971      9113
           2     0.2496    0.5694    0.3471      3077
           3     0.4940    0.2725    0.3512      3479
           4     0.5356    0.7220    0.6150     10176
           5     0.6321    0.8528    0.7260     13083
           6     0.4386    0.1754    0.2506      2645
           7     0.4752    0.3441    0.3992      2511
           8     0.5616    0.3425    0.4255      3609
           9     0.8159    0.6574    0.7282      6641
          10     0.5197    0.2152    0.3044      5511
          11     0.6888    0.5616    0.6187      5493
          12     0.4477    0.1802    0.2569      2731
          13     0.7028    0.3898    0.5015      3014
          14     0.4657    0.3652    0.4094      2656
          15     0.3737    0.1704    0.2341      2318
          16     0.3150    0.3651    0.3382      2561
          17     0.6949    0.5085    0.5873      2352
          18     0.5228    0.4334    0.4739      4259
          19     0.6024    0.6381    0.6198      4637
          20     0.4653    0.2607    0.3342      5221
          21     0.5751    0.5313    0.5523     10420
          22     0.7239    0.6230    0.6697      7156
          23     0.6089    0.6567    0.6319      8290
          24     0.7766    0.4902    0.6010     10598
          25     0.8334    0.7031    0.7627      8083
          26     0.7582    0.6455    0.6973      9332
          27     0.5871    0.6118    0.5992     11168
          28     0.5663    0.6148    0.5895      9039
          29     0.9082    0.7771    0.8376     11714
          30     0.4852    0.7356    0.5848     13148
          31     0.4575    0.9067    0.6081      6002

    accuracy                         0.5937    206976
   macro avg     0.5793    0.5174    0.5267    206976
weighted avg     0.6160    0.5937    0.5870    206976
