              precision    recall  f1-score   support

           0     0.9596    0.9738    0.9666      6749
           1     0.9767    0.9800    0.9784      8903
           2     0.8534    0.9505    0.8993      2867
           3     0.9049    0.9318    0.9182      3269
           4     0.9288    0.9788    0.9531      9966
           5     0.9258    0.9376    0.9317     12873
           6     0.7538    0.7959    0.7743      2435
           7     0.8466    0.7771    0.8103      2301
           8     0.9552    0.9838    0.9693      3399
           9     0.9928    0.9799    0.9863      6431
          10     0.8657    0.8072    0.8354      5301
          11     0.9523    0.8660    0.9071      5283
          12     0.9382    0.8969    0.9171      2521
          13     0.9979    1.0000    0.9989      2804
          14     0.8914    0.7142    0.7930      2460
          15     0.6885    0.8681    0.7679      2108
          16     0.9589    0.9124    0.9350      2351
          17     0.9896    0.9776    0.9836      2142
          18     0.9437    0.9931    0.9677      4049
          19     0.9786    0.9877    0.9832      4407
          20     0.9325    0.9601    0.9461      5011
          21     0.9464    0.9251    0.9356     10210
          22     0.9681    0.9928    0.9803      6946
          23     0.9249    0.9903    0.9565      8080
          24     0.9964    0.9123    0.9525     10388
          25     0.9710    0.9905    0.9806      7873
          26     0.9879    0.9592    0.9733      9112
          27     0.9565    0.9663    0.9614     10958
          28     0.9682    0.9721    0.9702      8829
          29     1.0000    0.9936    0.9968     11504
          30     0.9652    0.9482    0.9566     12938
          31     0.9928    0.9959    0.9944      5852

    accuracy                         0.9497    200320
   macro avg     0.9348    0.9350    0.9338    200320
weighted avg     0.9508    0.9497    0.9496    200320
