              precision    recall  f1-score   support

           0     1.0000    0.9901    0.9950      6597
           1     0.9990    0.9992    0.9991      8735
           2     0.9690    0.9856    0.9772      2699
           3     0.9106    0.9826    0.9452      3101
           4     0.9565    0.9988    0.9772      9798
           5     0.9750    0.9775    0.9763     12705
           6     0.8990    0.9581    0.9276      2267
           7     0.9413    0.9095    0.9251      2133
           8     0.9857    1.0000    0.9928      3231
           9     0.9962    0.9989    0.9975      6263
          10     0.9194    0.9061    0.9127      5133
          11     0.9965    0.8831    0.9364      5115
          12     0.9572    0.9125    0.9343      2353
          13     1.0000    1.0000    1.0000      2636
          14     0.9137    0.8606    0.8863      2252
          15     0.8007    0.8928    0.8443      1940
          16     0.9646    0.9363    0.9503      2183
          17     1.0000    0.9752    0.9874      1974
          18     1.0000    0.9979    0.9990      3881
          19     0.9983    1.0000    0.9992      4223
          20     0.9896    0.9986    0.9940      4843
          21     0.9887    0.9973    0.9930     10042
          22     0.9941    0.9932    0.9937      6778
          23     0.9594    1.0000    0.9793      7912
          24     0.9986    0.9633    0.9806     10220
          25     0.9928    1.0000    0.9964      7705
          26     0.9992    0.9943    0.9967      8936
          27     0.9956    0.9905    0.9931     10790
          28     0.9853    0.9960    0.9906      8661
          29     0.9984    0.9944    0.9964     11336
          30     1.0000    0.9879    0.9939     12770
          31     0.9979    0.9986    0.9983      5732

    accuracy                         0.9814    194944
   macro avg     0.9713    0.9712    0.9709    194944
weighted avg     0.9818    0.9814    0.9814    194944
