              precision    recall  f1-score   support

           0     1.0000    0.9994    0.9997     19785
           1     1.0000    1.0000    1.0000     26170
           2     1.0000    0.9985    0.9993      8075
           3     0.9955    0.9991    0.9973      9275
           4     0.9991    0.9598    0.9791     29360
           5     0.9686    0.9997    0.9839     38109
           6     0.9973    0.9744    0.9857      6771
           7     0.9826    0.9926    0.9876      6371
           8     0.9966    0.9988    0.9977      9658
           9     1.0000    0.9989    0.9994     18755
          10     0.9988    1.0000    0.9994     15385
          11     1.0000    0.9926    0.9963     15345
          12     1.0000    1.0000    1.0000      7037
          13     1.0000    1.0000    1.0000      7896
          14     1.0000    0.9958    0.9979      6742
          15     0.9952    1.0000    0.9976      5778
          16     0.9982    1.0000    0.9991      6521
          17     0.9941    0.9990    0.9965      5908
          18     1.0000    1.0000    1.0000     11637
          19     1.0000    0.9991    0.9995     12636
          20     1.0000    1.0000    1.0000     14529
          21     0.9996    0.9998    0.9997     30092
          22     0.9997    1.0000    0.9998     20320
          23     1.0000    0.9997    0.9999     23709
          24     0.9998    0.9998    0.9998     30631
          25     0.9991    0.9997    0.9994     23094
          26     0.9997    1.0000    0.9999     26777
          27     0.9966    0.9893    0.9929     32328
          28     0.9870    0.9981    0.9925     25949
          29     1.0000    1.0000    1.0000     33978
          30     0.9998    1.0000    0.9999     38275
          31     1.0000    0.9995    0.9998     17168

    accuracy                         0.9965    584064
   macro avg     0.9971    0.9967    0.9969    584064
weighted avg     0.9965    0.9965    0.9965    584064
