              precision    recall  f1-score   support

           0     0.7750    0.7012    0.7363     20811
           1     0.7192    0.7681    0.7428     27304
           2     0.5333    0.4705    0.4999      9209
           3     0.5384    0.4113    0.4663     10409
           4     0.7118    0.7765    0.7428     30494
           5     0.7379    0.8709    0.7989     39243
           6     0.4486    0.1833    0.2603      7905
           7     0.5572    0.4153    0.4759      7505
           8     0.7038    0.3831    0.4961     10792
           9     0.8077    0.7421    0.7735     19889
          10     0.8544    0.6020    0.7063     16519
          11     0.8421    0.7548    0.7961     16479
          12     0.5669    0.2588    0.3554      8171
          13     0.7065    0.3956    0.5072      9030
          14     0.7391    0.3558    0.4804      7954
          15     0.4300    0.4304    0.4302      6912
          16     0.5990    0.4265    0.4982      7655
          17     0.7763    0.5723    0.6589      7042
          18     0.7192    0.6105    0.6604     12771
          19     0.8162    0.7298    0.7706     13878
          20     0.6315    0.4970    0.5562     15663
          21     0.7796    0.6658    0.7182     31226
          22     0.8761    0.7694    0.8193     21454
          23     0.8329    0.7100    0.7665     24843
          24     0.8614    0.7892    0.8237     31765
          25     0.7597    0.8229    0.7900     24228
          26     0.7817    0.8018    0.7916     27965
          27     0.7322    0.8109    0.7696     33462
          28     0.7763    0.7748    0.7755     27083
          29     0.8974    0.8201    0.8570     35112
          30     0.4830    0.8035    0.6033     39409
          31     0.4271    0.9247    0.5843     17978

    accuracy                         0.7094    620160
   macro avg     0.7007    0.6265    0.6472    620160
weighted avg     0.7286    0.7094    0.7069    620160
