              precision    recall  f1-score   support

           0     0.9830    0.9935    0.9882      6749
           1     1.0000    0.9975    0.9988      8903
           2     0.9830    0.9909    0.9870      2867
           3     0.9872    0.9914    0.9893      3269
           4     0.9963    0.9662    0.9810      9966
           5     0.9765    0.9991    0.9877     12873
           6     0.9657    0.9248    0.9448      2435
           7     0.9508    0.9483    0.9495      2301
           8     0.9781    0.9876    0.9829      3399
           9     0.9980    0.9956    0.9968      6431
          10     0.9934    0.9940    0.9937      5301
          11     0.9987    1.0000    0.9993      5283
          12     0.9827    0.9695    0.9760      2521
          13     1.0000    1.0000    1.0000      2804
          14     0.9690    0.9663    0.9676      2460
          15     0.9516    0.9606    0.9561      2108
          16     0.9886    1.0000    0.9943      2351
          17     0.9804    0.9832    0.9818      2142
          18     1.0000    0.9983    0.9991      4049
          19     1.0000    0.9968    0.9984      4407
          20     1.0000    0.9972    0.9986      5011
          21     0.9962    0.9969    0.9965     10210
          22     0.9983    0.9940    0.9961      6946
          23     0.9984    0.9933    0.9958      8080
          24     0.9948    0.9982    0.9965     10388
          25     0.9962    1.0000    0.9981      7873
          26     0.9984    1.0000    0.9992      9112
          27     0.9898    0.9907    0.9902     10958
          28     0.9905    0.9890    0.9897      8829
          29     0.9994    0.9994    0.9994     11504
          30     0.9985    0.9985    0.9985     12938
          31     0.9988    1.0000    0.9994      5852

    accuracy                         0.9922    200320
   macro avg     0.9888    0.9881    0.9885    200320
weighted avg     0.9922    0.9922    0.9922    200320
