              precision    recall  f1-score   support

           0     0.9918    0.9911    0.9914     20241
           1     0.9992    0.9971    0.9982     26674
           2     0.9788    0.9723    0.9755      8579
           3     0.9736    0.9812    0.9774      9779
           4     0.9903    0.9724    0.9813     29864
           5     0.9761    0.9939    0.9849     38613
           6     0.9512    0.9370    0.9441      7275
           7     0.9546    0.9603    0.9574      6875
           8     0.9859    0.9854    0.9857     10162
           9     0.9978    0.9965    0.9971     19259
          10     0.9960    0.9922    0.9941     15889
          11     0.9961    0.9985    0.9973     15849
          12     0.9839    0.9894    0.9866      7541
          13     1.0000    1.0000    1.0000      8400
          14     0.9906    0.9786    0.9846      7238
          15     0.9827    0.9742    0.9784      6282
          16     0.9892    0.9886    0.9889      7025
          17     0.9638    0.9953    0.9793      6412
          18     0.9975    0.9983    0.9979     12141
          19     0.9995    0.9979    0.9987     13188
          20     0.9955    0.9975    0.9965     15033
          21     0.9984    0.9938    0.9961     30596
          22     0.9959    0.9974    0.9966     20824
          23     0.9986    0.9980    0.9983     24213
          24     0.9982    0.9991    0.9987     31135
          25     0.9992    0.9988    0.9990     23598
          26     0.9987    0.9998    0.9992     27305
          27     0.9832    0.9850    0.9841     32832
          28     0.9865    0.9811    0.9838     26453
          29     0.9990    0.9992    0.9991     34482
          30     0.9969    0.9980    0.9975     38779
          31     0.9993    0.9986    0.9989     17528

    accuracy                         0.9918    600064
   macro avg     0.9890    0.9890    0.9890    600064
weighted avg     0.9919    0.9918    0.9918    600064
