              precision    recall  f1-score   support

           0     0.7705    0.7103    0.7392      6939
           1     0.7194    0.8218    0.7672      9113
           2     0.5419    0.4586    0.4967      3077
           3     0.5109    0.4099    0.4549      3479
           4     0.7619    0.7983    0.7797     10176
           5     0.7215    0.8706    0.7891     13083
           6     0.5000    0.2140    0.2997      2645
           7     0.5658    0.4042    0.4715      2511
           8     0.7075    0.4397    0.5424      3609
           9     0.8093    0.7329    0.7692      6641
          10     0.7996    0.6052    0.6889      5511
          11     0.8766    0.7732    0.8216      5493
          12     0.5569    0.2776    0.3705      2731
          13     0.6752    0.4353    0.5294      3014
          14     0.7180    0.3931    0.5080      2656
          15     0.4857    0.4547    0.4697      2318
          16     0.6264    0.4471    0.5218      2561
          17     0.8294    0.5642    0.6716      2352
          18     0.7560    0.5886    0.6619      4259
          19     0.8480    0.6929    0.7626      4637
          20     0.6663    0.4834    0.5603      5221
          21     0.7658    0.6783    0.7194     10420
          22     0.8744    0.7782    0.8235      7156
          23     0.8297    0.7265    0.7747      8290
          24     0.8592    0.7901    0.8232     10598
          25     0.7882    0.8180    0.8028      8083
          26     0.8206    0.7845    0.8021      9332
          27     0.7151    0.8158    0.7621     11168
          28     0.7075    0.7785    0.7413      9039
          29     0.8639    0.8288    0.8460     11714
          30     0.5249    0.8347    0.6445     13148
          31     0.4525    0.9150    0.6056      6002

    accuracy                         0.7178    206976
   macro avg     0.7078    0.6351    0.6569    206976
weighted avg     0.7323    0.7178    0.7142    206976
