              precision    recall  f1-score   support

           0     1.0000    0.9989    0.9995      6597
           1     1.0000    1.0000    1.0000      8735
           2     1.0000    1.0000    1.0000      2699
           3     1.0000    1.0000    1.0000      3101
           4     0.9975    0.9925    0.9950      9798
           5     0.9933    0.9981    0.9957     12705
           6     1.0000    0.9921    0.9960      2267
           7     0.9944    1.0000    0.9972      2133
           8     0.9981    1.0000    0.9991      3231
           9     1.0000    1.0000    1.0000      6263
          10     1.0000    0.9988    0.9994      5133
          11     1.0000    1.0000    1.0000      5115
          12     0.9970    1.0000    0.9985      2353
          13     1.0000    1.0000    1.0000      2636
          14     0.9938    0.9969    0.9953      2252
          15     1.0000    0.9928    0.9964      1940
          16     1.0000    1.0000    1.0000      2183
          17     1.0000    1.0000    1.0000      1974
          18     1.0000    1.0000    1.0000      3881
          19     1.0000    1.0000    1.0000      4223
          20     1.0000    1.0000    1.0000      4843
          21     1.0000    1.0000    1.0000     10042
          22     1.0000    1.0000    1.0000      6778
          23     1.0000    1.0000    1.0000      7912
          24     1.0000    1.0000    1.0000     10220
          25     0.9991    1.0000    0.9995      7705
          26     1.0000    1.0000    1.0000      8936
          27     0.9993    0.9949    0.9971     10790
          28     0.9944    0.9992    0.9968      8661
          29     1.0000    1.0000    1.0000     11336
          30     1.0000    1.0000    1.0000     12770
          31     1.0000    1.0000    1.0000      5732

    accuracy                         0.9989    194944
   macro avg     0.9990    0.9989    0.9989    194944
weighted avg     0.9989    0.9989    0.9989    194944
