              precision    recall  f1-score   support

           0     0.9777    0.9694    0.9735      6825
           1     0.9959    0.9840    0.9899      8987
           2     0.9514    0.9085    0.9295      2951
           3     0.9202    0.9392    0.9296      3353
           4     0.9849    0.9737    0.9793     10050
           5     0.9536    0.9895    0.9712     12957
           6     0.8578    0.8265    0.8419      2519
           7     0.8446    0.9023    0.8725      2385
           8     0.9407    0.8829    0.9108      3483
           9     0.9665    0.9800    0.9732      6515
          10     0.9929    0.9554    0.9738      5385
          11     0.9811    0.9778    0.9795      5367
          12     0.9467    0.9413    0.9440      2605
          13     0.9883    0.9903    0.9893      2888
          14     0.9505    0.9150    0.9324      2436
          15     0.9215    0.9001    0.9107      2192
          16     0.9565    0.9754    0.9658      2435
          17     0.9595    0.9470    0.9532      2226
          18     0.9939    0.9865    0.9902      4133
          19     0.9945    0.9620    0.9780      4499
          20     0.9635    0.9535    0.9585      5095
          21     0.9281    0.9636    0.9455     10294
          22     0.9880    0.9821    0.9850      7030
          23     0.9829    0.9829    0.9829      8164
          24     0.9881    0.9783    0.9832     10472
          25     0.9818    0.9976    0.9897      7957
          26     0.9879    0.9936    0.9907      9200
          27     0.9570    0.9525    0.9547     11042
          28     0.9451    0.9584    0.9517      8913
          29     0.9987    0.9946    0.9967     11588
          30     0.9692    0.9745    0.9719     13022
          31     0.9963    0.9905    0.9934      5912

    accuracy                         0.9688    202880
   macro avg     0.9614    0.9571    0.9591    202880
weighted avg     0.9690    0.9688    0.9688    202880
