              precision    recall  f1-score   support

           0     0.8599    0.8349    0.8472     20697
           1     0.8868    0.8862    0.8865     27178
           2     0.6295    0.6343    0.6319      9083
           3     0.7024    0.7037    0.7030     10283
           4     0.8465    0.8731    0.8596     30368
           5     0.8100    0.9228    0.8627     39117
           6     0.6332    0.4357    0.5162      7779
           7     0.6920    0.7229    0.7071      7379
           8     0.8257    0.6379    0.7198     10666
           9     0.9006    0.8509    0.8750     19763
          10     0.9144    0.7654    0.8333     16393
          11     0.9372    0.8366    0.8840     16353
          12     0.7885    0.5426    0.6428      8045
          13     0.9075    0.7537    0.8235      8904
          14     0.7702    0.6642    0.7133      7862
          15     0.7087    0.6737    0.6908      6786
          16     0.7381    0.8155    0.7749      7529
          17     0.9199    0.8142    0.8638      6916
          18     0.8813    0.8057    0.8418     12645
          19     0.9116    0.8844    0.8978     13740
          20     0.8139    0.7410    0.7758     15537
          21     0.8728    0.7976    0.8335     31100
          22     0.9284    0.9045    0.9163     21328
          23     0.8920    0.8957    0.8939     24717
          24     0.9319    0.8860    0.9084     31639
          25     0.9114    0.9038    0.9076     24102
          26     0.8700    0.9081    0.8886     27833
          27     0.8434    0.8889    0.8656     33336
          28     0.8804    0.8821    0.8813     26957
          29     0.9642    0.9187    0.9409     34986
          30     0.7314    0.9035    0.8084     39283
          31     0.6869    0.9452    0.7956     17888

    accuracy                         0.8460    616192
   macro avg     0.8310    0.8010    0.8122    616192
weighted avg     0.8503    0.8460    0.8452    616192
