              precision    recall  f1-score   support

           0     0.9952    0.9997    0.9975     20013
           1     0.9995    1.0000    0.9998     26422
           2     0.9992    0.9923    0.9957      8327
           3     0.9976    0.9983    0.9980      9527
           4     0.9977    0.9615    0.9792     29612
           5     0.9713    0.9994    0.9851     38361
           6     0.9885    0.9561    0.9721      7023
           7     0.9659    0.9891    0.9774      6623
           8     0.9959    0.9937    0.9948      9910
           9     0.9991    0.9993    0.9992     19007
          10     0.9996    1.0000    0.9998     15637
          11     0.9980    0.9996    0.9988     15597
          12     0.9965    0.9894    0.9930      7289
          13     1.0000    1.0000    1.0000      8148
          14     0.9891    0.9912    0.9902      7054
          15     0.9959    1.0000    0.9979      6030
          16     0.9953    1.0000    0.9976      6773
          17     0.9980    0.9903    0.9941      6160
          18     1.0000    1.0000    1.0000     11889
          19     1.0000    1.0000    1.0000     12912
          20     1.0000    0.9989    0.9995     14781
          21     1.0000    0.9972    0.9986     30344
          22     0.9997    1.0000    0.9998     20572
          23     0.9988    0.9970    0.9979     23961
          24     0.9979    0.9989    0.9984     30883
          25     1.0000    1.0000    1.0000     23346
          26     1.0000    0.9997    0.9999     27041
          27     0.9941    0.9981    0.9961     32580
          28     0.9981    0.9933    0.9957     26201
          29     1.0000    1.0000    1.0000     34230
          30     0.9972    1.0000    0.9986     38527
          31     1.0000    1.0000    1.0000     17348

    accuracy                         0.9960    592128
   macro avg     0.9959    0.9951    0.9955    592128
weighted avg     0.9961    0.9960    0.9960    592128
