              precision    recall  f1-score   support

           0     0.9750    0.9678    0.9714     20469
           1     0.9942    0.9891    0.9916     26926
           2     0.9208    0.9325    0.9266      8831
           3     0.9305    0.9248    0.9277     10031
           4     0.9770    0.9257    0.9506     30116
           5     0.9259    0.9864    0.9552     38865
           6     0.8039    0.7338    0.7672      7527
           7     0.8110    0.8870    0.8473      7127
           8     0.9141    0.8781    0.8958     10414
           9     0.9671    0.9702    0.9687     19511
          10     0.9889    0.9561    0.9722     16141
          11     0.9805    0.9763    0.9784     16101
          12     0.9367    0.8864    0.9109      7793
          13     0.9951    0.9921    0.9936      8652
          14     0.9424    0.9174    0.9297      7550
          15     0.9044    0.9480    0.9257      6534
          16     0.9242    0.9688    0.9460      7277
          17     0.9303    0.9694    0.9494      6664
          18     0.9925    0.9910    0.9917     12393
          19     0.9859    0.9871    0.9865     13464
          20     0.9573    0.9582    0.9578     15285
          21     0.9720    0.9494    0.9606     30848
          22     0.9897    0.9884    0.9891     21076
          23     0.9885    0.9862    0.9874     24465
          24     0.9911    0.9847    0.9879     31387
          25     0.9837    0.9975    0.9906     23850
          26     0.9909    0.9928    0.9919     27569
          27     0.9695    0.9685    0.9690     33084
          28     0.9711    0.9684    0.9697     26705
          29     0.9998    0.9931    0.9965     34734
          30     0.9575    0.9802    0.9687     39031
          31     0.9951    0.9920    0.9936     17708

    accuracy                         0.9671    608128
   macro avg     0.9552    0.9546    0.9547    608128
weighted avg     0.9674    0.9671    0.9670    608128
