              precision    recall  f1-score   support

           0     0.9955    0.9972    0.9963      6673
           1     0.9986    1.0000    0.9993      8819
           2     0.9975    1.0000    0.9987      2783
           3     1.0000    1.0000    1.0000      3185
           4     0.9975    0.9806    0.9890      9882
           5     0.9852    0.9986    0.9918     12789
           6     0.9948    0.9702    0.9823      2351
           7     0.9770    0.9946    0.9857      2217
           8     1.0000    1.0000    1.0000      3315
           9     1.0000    1.0000    1.0000      6347
          10     0.9989    1.0000    0.9994      5217
          11     1.0000    0.9988    0.9994      5199
          12     0.9923    1.0000    0.9961      2437
          13     1.0000    1.0000    1.0000      2720
          14     0.9941    0.9970    0.9955      2356
          15     1.0000    0.9872    0.9935      2024
          16     1.0000    1.0000    1.0000      2267
          17     1.0000    0.9942    0.9971      2058
          18     1.0000    1.0000    1.0000      3965
          19     1.0000    1.0000    1.0000      4315
          20     1.0000    1.0000    1.0000      4927
          21     1.0000    0.9994    0.9997     10126
          22     1.0000    0.9991    0.9996      6862
          23     0.9983    0.9990    0.9986      7996
          24     0.9992    0.9986    0.9989     10304
          25     1.0000    0.9992    0.9996      7789
          26     0.9993    1.0000    0.9997      9024
          27     0.9962    0.9949    0.9955     10874
          28     0.9936    0.9960    0.9948      8745
          29     1.0000    1.0000    1.0000     11420
          30     1.0000    1.0000    1.0000     12854
          31     1.0000    1.0000    1.0000      5792

    accuracy                         0.9975    197632
   macro avg     0.9974    0.9970    0.9972    197632
weighted avg     0.9975    0.9975    0.9975    197632
