              precision    recall  f1-score   support

           0     0.8266    0.8639    0.8448      6901
           1     0.8482    0.9073    0.8767      9071
           2     0.6522    0.6369    0.6444      3035
           3     0.7091    0.6817    0.6951      3437
           4     0.8567    0.8892    0.8727     10134
           5     0.8205    0.9133    0.8644     13041
           6     0.6226    0.4925    0.5500      2603
           7     0.7213    0.7359    0.7285      2469
           8     0.7993    0.6846    0.7375      3567
           9     0.9187    0.8339    0.8743      6599
          10     0.9354    0.8129    0.8699      5469
          11     0.9462    0.8808    0.9123      5451
          12     0.6701    0.6028    0.6347      2689
          13     0.9084    0.7873    0.8435      2972
          14     0.7269    0.6319    0.6761      2540
          15     0.7047    0.6072    0.6523      2276
          16     0.7535    0.8154    0.7832      2519
          17     0.9271    0.7870    0.8513      2310
          18     0.8941    0.8712    0.8825      4217
          19     0.9131    0.8700    0.8910      4591
          20     0.8052    0.7704    0.7874      5179
          21     0.9007    0.7921    0.8429     10378
          22     0.9473    0.9046    0.9254      7114
          23     0.9114    0.8635    0.8868      8248
          24     0.9012    0.9060    0.9036     10556
          25     0.9300    0.9035    0.9165      8041
          26     0.8660    0.9032    0.8842      9288
          27     0.8647    0.8873    0.8758     11126
          28     0.8766    0.8783    0.8775      8997
          29     0.9627    0.9151    0.9383     11672
          30     0.7142    0.9067    0.7990     13106
          31     0.7967    0.8808    0.8366      5972

    accuracy                         0.8501    205568
   macro avg     0.8322    0.8068    0.8175    205568
weighted avg     0.8533    0.8501    0.8497    205568
